[gd_scene load_steps=26 format=3 uid="uid://b00wiwhlu1mbf"]

[ext_resource type="PackedScene" uid="uid://dfpxva8dtwiqo" path="res://scenes/player.tscn" id="1_awy2c"]
[ext_resource type="PackedScene" uid="uid://clc5dre31iskm" path="res://addons/godot-xr-tools/xr/start_xr.tscn" id="4_1x1gt"]
[ext_resource type="ArrayMesh" uid="uid://bvm33f6t6bnp" path="res://assets/models/models_Island1.res" id="5_7s0hd"]
[ext_resource type="PackedScene" uid="uid://64auyy38xvyj" path="res://scenes/world/island_1_area_1.tscn" id="6_vfk2r"]
[ext_resource type="PackedScene" uid="uid://b5jrjq21cf0j7" path="res://scenes/world/island_1_area_2.tscn" id="7_wgswf"]
[ext_resource type="PackedScene" uid="uid://e0iy2vr5jwic" path="res://scenes/world/tree2.tscn" id="8_1wa8a"]
[ext_resource type="PackedScene" uid="uid://dnyewt2j2dh3n" path="res://scenes/world/tree1.tscn" id="9_s5tjf"]
[ext_resource type="AudioStream" uid="uid://dufxpf7pkkg8g" path="res://assets/sounds/applause.wav" id="10_afnj7"]
[ext_resource type="PackedScene" uid="uid://t5hxqd5bwnys" path="res://scenes/world/bench.tscn" id="10_kgbd1"]
[ext_resource type="Script" path="res://scenes/racing/race.gd" id="11_3mknh"]
[ext_resource type="PackedScene" uid="uid://djqs8cxxs7m7c" path="res://scenes/racing/gate.tscn" id="12_0k2lk"]
[ext_resource type="PackedScene" uid="uid://dpe1cc3jh02aa" path="res://scenes/brooms/broom_change.tscn" id="12_gt5fk"]
[ext_resource type="PackedScene" uid="uid://vjcadter1kt3" path="res://scenes/racing/score_board.tscn" id="13_4mw33"]
[ext_resource type="PackedScene" uid="uid://co3p2gvhunhnc" path="res://scenes/brooms/broom_2.tscn" id="14_8bkhc"]
[ext_resource type="PackedScene" uid="uid://dnqmle10lwnfn" path="res://scenes/brooms/broom_3.tscn" id="15_dffm5"]
[ext_resource type="ArrayMesh" uid="uid://dcsul6d5wdqc3" path="res://assets/models/models_Island2.res" id="15_qopt7"]
[ext_resource type="PackedScene" uid="uid://d3sloa68hieac" path="res://scenes/world/small_island_1.tscn" id="15_tftlf"]
[ext_resource type="ArrayMesh" uid="uid://bm4l0dywrdmwd" path="res://assets/models/godot_plushie_Cube_001.res" id="17_67im3"]
[ext_resource type="PackedScene" uid="uid://4ffehdprcdk2" path="res://scenes/brooms/broom_4.tscn" id="19_5bkqd"]
[ext_resource type="PackedScene" uid="uid://b7501io5i7fg4" path="res://scenes/wand.tscn" id="19_53e4h"]

[sub_resource type="ProceduralSkyMaterial" id="ProceduralSkyMaterial_wmaqg"]
sky_top_color = Color(0.233441, 0.450155, 1, 1)
sky_horizon_color = Color(0.632425, 0.792229, 1, 1)
ground_bottom_color = Color(1, 0.924095, 0.858614, 1)
ground_horizon_color = Color(0.624572, 0.800866, 1, 1)
ground_curve = 0.139288
sun_angle_max = 43.45
sun_curve = 0.126135

[sub_resource type="Sky" id="Sky_x10ci"]
sky_material = SubResource("ProceduralSkyMaterial_wmaqg")

[sub_resource type="Environment" id="Environment_c6rgq"]
background_mode = 2
sky = SubResource("Sky_x10ci")

[sub_resource type="ConcavePolygonShape3D" id="ConcavePolygonShape3D_20xbg"]
data = PackedVector3Array(-0.0686, -60, -43.7574, 20.6976, 0, -104.054, 0, 0, -106.092, -0.0686, -60, -43.7574, 10.8519, -38.172, -50.316, 20.6976, 0, -104.054, 10.8519, -38.172, -50.316, 36.1946, 0, -86.2617, 20.6976, 0, -104.054, 10.8519, -38.172, -50.316, 17.0181, -60, -36.6564, 36.1946, 0, -86.2617, 17.0181, -60, -36.6564, 58.9417, 0, -88.2125, 36.1946, 0, -86.2617, 17.0181, -60, -36.6564, 24.5351, -60, -32.6385, 58.9417, 0, -88.2125, 24.5351, -60, -32.6385, 66.8731, 0, -65.763, 58.9417, 0, -88.2125, 24.5351, -60, -32.6385, 34.5365, -44.8736, -35.4016, 66.8731, 0, -65.763, 34.5365, -44.8736, -35.4016, 88.2125, 0, -58.9417, 66.8731, 0, -65.763, 34.5365, -44.8736, -35.4016, 35.7866, -60, -24.5924, 88.2125, 0, -58.9417, 35.7866, -60, -24.5924, 98.0165, 0, -40.5998, 88.2125, 0, -58.9417, 35.7866, -60, -24.5924, 45.2463, -44.8736, -19.3734, 98.0165, 0, -40.5998, 45.2463, -44.8736, -19.3734, 92.7531, 0, -17.345, 98.0165, 0, -40.5998, 45.2463, -44.8736, -19.3734, 53.644, -38.172, -11.7317, 92.7531, 0, -17.345, 53.644, -38.172, -11.7317, 106.092, 0, 0, 92.7531, 0, -17.345, 53.644, -38.172, -11.7317, 43.0541, -60, -0.6347, 106.092, 0, 0, 43.0541, -60, -0.6347, 92.7531, 0, 19.5518, 106.092, 0, 0, 43.0541, -60, -0.6347, 42.2255, -60, 7.7781, 92.7531, 0, 19.5518, 42.2255, -60, 7.7781, 98.0165, 0, 40.5998, 92.7531, 0, 19.5518, 42.2255, -60, 7.7781, 50.4966, -38.172, 20.2242, 98.0165, 0, 40.5998, 50.4966, -38.172, 20.2242, 78.6333, 0, 53.6399, 98.0165, 0, 40.5998, 50.4966, -38.172, 20.2242, 35.7866, -60, 23.3229, 78.6333, 0, 53.6399, 35.7866, -60, 23.3229, 66.8731, 0, 67.9697, 78.6333, 0, 53.6399, 35.7866, -60, 23.3229, 30.4238, -60, 29.8576, 66.8731, 0, 67.9697, 30.4238, -60, 29.8576, 58.9417, 0, 88.2125, 66.8731, 0, 67.9697, 30.4238, -60, 29.8576, 27.0498, -44.8736, 40.6122, 58.9417, 0, 88.2125, 27.0498, -44.8736, 40.6122, 36.1946, 0, 88.4684, 58.9417, 0, 88.2125, 27.0498, -44.8736, 40.6122, 16.4338, -60, 39.2054, 36.1946, 0, 88.4684, 16.4338, -60, 39.2054, 20.6976, 0, 104.054, 36.1946, 0, 88.4684, 16.4338, -60, 39.2054, 8.3443, -60, 41.6593, 20.6976, 0, 104.054, 8.3443, -60, 41.6593, 0, 0, 106.092, 20.6976, 0, 104.054, 8.3443, -60, 41.6593, -0.602, -38.172, 54.3672, 0, 0, 106.092, -0.602, -38.172, 54.3672, -18.4416, 0, 93.8496, 0, 0, 106.092, -0.602, -38.172, 54.3672, -8.4814, -60, 41.6593, -18.4416, 0, 93.8496, -8.4814, -60, 41.6593, -40.5998, 0, 98.0165, -18.4416, 0, 93.8496, -8.4814, -60, 41.6593, -16.5709, -60, 39.2054, -40.5998, 0, 98.0165, -16.5709, -60, 39.2054, -52.5297, 0, 79.7299, -40.5998, 0, 98.0165, -16.5709, -60, 39.2054, -27.56, -44.8736, 45.7037, -52.5297, 0, 79.7299, -27.56, -44.8736, 45.7037, -66.8595, 0, 67.9697, -52.5297, 0, 79.7299, -27.56, -44.8736, 45.7037, -30.3649, -60, 34.2573, -66.8595, 0, 67.9697, -30.3649, -60, 34.2573, -78.6197, 0, 53.6399, -66.8595, 0, 67.9697, -30.3649, -60, 34.2573, -35.9237, -60, 23.3229, -78.6197, 0, 53.6399, -35.9237, -60, 23.3229, -98.0165, 0, 40.5998, -78.6197, 0, 53.6399, -35.9237, -60, 23.3229, -51.7006, -38.172, 20.2242, -98.0165, 0, 40.5998, -51.7006, -38.172, 20.2242, -104.054, 0, 20.6976, -98.0165, 0, 40.5998, -51.7006, -38.172, 20.2242, -42.3626, -60, 7.7781, -104.054, 0, 20.6976, -42.3626, -60, 7.7781, -94.5565, 0, 1.1034, -104.054, 0, 20.6976, -42.3626, -60, 7.7781, -43.1912, -60, -0.6347, -94.5565, 0, 1.1034, -43.1912, -60, -0.6347, -104.054, 0, -20.6976, -94.5565, 0, 1.1034, -43.1912, -60, -0.6347, -54.848, -38.172, -11.7317, -104.054, 0, -20.6976, -54.848, -38.172, -11.7317, -87.3583, 0, -35.0844, -104.054, 0, -20.6976, -54.848, -38.172, -11.7317, -39.9087, -60, -17.1371, -87.3583, 0, -35.0844, -39.9087, -60, -17.1371, -88.2125, 0, -58.9417, -87.3583, 0, -35.0844, -39.9087, -60, -17.1371, -41.4772, -44.8736, -27.9149, -88.2125, 0, -58.9417, -41.4772, -44.8736, -27.9149, -75.0186, 0, -75.0186, -88.2125, 0, -58.9417, -41.4772, -44.8736, -27.9149, -30.5609, -60, -31.1271, -75.0186, 0, -75.0186, -30.5609, -60, -31.1271, -52.5297, 0, -77.5231, -75.0186, 0, -75.0186, -30.5609, -60, -31.1271, -24.0262, -60, -36.4899, -52.5297, 0, -77.5231, -24.0262, -60, -36.4899, -40.5998, 0, -98.0165, -52.5297, 0, -77.5231, -24.0262, -60, -36.4899, -19.3048, -44.8736, -46.1113, -40.5998, 0, -98.0165, 36.1946, 0, -86.2617, 0, 0, -106.092, 20.6976, 0, -104.054, -18.4416, 0, -91.6429, -52.5297, 0, -77.5231, -40.5998, 0, -98.0165, 36.1946, 0, -86.2617, -18.4416, 0, -91.6429, 0, 0, -106.092, 66.8731, 0, -65.763, 36.1946, 0, -86.2617, 58.9417, 0, -88.2125, 98.0165, 0, -40.5998, 66.8731, 0, -65.763, 88.2125, 0, -58.9417, 92.7531, 0, 19.5518, 92.7531, 0, -17.345, 106.092, 0, 0, 92.7531, 0, -17.345, 66.8731, 0, -65.763, 98.0165, 0, -40.5998, 66.8731, 0, -65.763, -18.4416, 0, -91.6429, 36.1946, 0, -86.2617, -52.5297, 0, -77.5231, -88.2125, 0, -58.9417, -75.0186, 0, -75.0186, 66.8731, 0, -65.763, -52.5297, 0, -77.5231, -18.4416, 0, -91.6429, 92.7531, 0, 19.5518, 66.8731, 0, -65.763, 92.7531, 0, -17.345, 78.6333, 0, 53.6399, 92.7531, 0, 19.5518, 98.0165, 0, 40.5998, 36.1946, 0, 88.4684, 66.8731, 0, 67.9697, 58.9417, 0, 88.2125, 66.8731, 0, 67.9697, 92.7531, 0, 19.5518, 78.6333, 0, 53.6399, 92.7531, 0, 19.5518, -52.5297, 0, -77.5231, 66.8731, 0, -65.763, -52.5297, 0, -77.5231, -87.3583, 0, -35.0844, -88.2125, 0, -58.9417, -87.3583, 0, -35.0844, -94.5565, 0, 1.1034, -104.054, 0, -20.6976, -94.5565, 0, 1.1034, -98.0165, 0, 40.5998, -104.054, 0, 20.6976, -78.6197, 0, 53.6399, -52.5297, 0, 79.7299, -66.8595, 0, 67.9697, -94.5565, 0, 1.1034, -78.6197, 0, 53.6399, -98.0165, 0, 40.5998, -52.5297, 0, -77.5231, -94.5565, 0, 1.1034, -87.3583, 0, -35.0844, 66.8731, 0, 67.9697, -52.5297, 0, -77.5231, 92.7531, 0, 19.5518, 0, 0, 106.092, 36.1946, 0, 88.4684, 20.6976, 0, 104.054, 36.1946, 0, 88.4684, -52.5297, 0, -77.5231, 66.8731, 0, 67.9697, -52.5297, 0, -77.5231, -78.6197, 0, 53.6399, -94.5565, 0, 1.1034, -52.5297, 0, 79.7299, -18.4416, 0, 93.8496, -40.5998, 0, 98.0165, -52.5297, 0, -77.5231, -52.5297, 0, 79.7299, -78.6197, 0, 53.6399, 0, 0, 106.092, -52.5297, 0, -77.5231, 36.1946, 0, 88.4684, -52.5297, 0, -77.5231, -18.4416, 0, 93.8496, -52.5297, 0, 79.7299, -52.5297, 0, -77.5231, 0, 0, 106.092, -18.4416, 0, 93.8496, -19.3048, -44.8736, -46.1113, -18.4416, 0, -91.6429, -40.5998, 0, -98.0165, -19.3048, -44.8736, -46.1113, -8.4814, -60, -42.9288, -18.4416, 0, -91.6429, -8.4814, -60, -42.9288, 0, 0, -106.092, -18.4416, 0, -91.6429, -8.4814, -60, -42.9288, -0.0686, -60, -43.7574, 0, 0, -106.092, -30.3649, -60, 34.2573, -31.1779, -12.1313, 20.2418, -35.9237, -60, 23.3229, -30.3649, -60, 34.2573, -26.3535, -12.1313, 29.7317, -31.1779, -12.1313, 20.2418, -7.3609, -12.1313, -37.2576, 7.691, -12.1313, -33.9612, -0.0595, -12.1313, -37.9767, 7.691, -12.1313, -33.9612, 21.2938, -12.1313, -28.3267, 14.7699, -12.1313, -31.8138, 21.2938, -12.1313, -28.3267, 31.059, -12.1313, -21.3436, 26.4046, -12.1313, -27.015, 31.059, -12.1313, -21.3436, 36.6472, -12.1313, -7.8523, 34.5175, -12.1313, -14.8731, 36.6472, -12.1313, -7.8523, 36.6472, -12.1313, 6.7505, 37.3664, -12.1313, -0.5509, 36.6472, -12.1313, 6.7505, 31.059, -12.1313, 20.2418, 34.5175, -12.1313, 13.7714, 31.059, -12.1313, 20.2418, 20.7332, -12.1313, 30.5676, 26.4046, -12.1313, 25.9132, 20.7332, -12.1313, 30.5676, 7.2419, -12.1313, 36.1558, 14.2628, -12.1313, 34.0261, 7.2419, -12.1313, 36.1558, -7.3609, -12.1313, 36.1558, -0.0595, -12.1313, 36.875, -14.3817, -12.1313, 34.0261, -26.3535, -12.1313, 29.7317, -20.6353, -12.1313, 34.4245, 7.2419, -12.1313, 36.1558, -14.3817, -12.1313, 34.0261, -7.3609, -12.1313, 36.1558, 31.059, -12.1313, 20.2418, 7.2419, -12.1313, 36.1558, 20.7332, -12.1313, 30.5676, 36.6472, -12.1313, -7.8523, 31.059, -12.1313, 20.2418, 36.6472, -12.1313, 6.7505, 21.2938, -12.1313, -28.3267, 36.6472, -12.1313, -7.8523, 31.059, -12.1313, -21.3436, -7.3609, -12.1313, -37.2576, 21.2938, -12.1313, -28.3267, 7.691, -12.1313, -33.9612, -20.8522, -12.1313, -31.6693, -7.3609, -12.1313, -37.2576, -14.3817, -12.1313, -35.1279, -31.1779, -12.1313, -21.3436, -20.8522, -12.1313, -31.6693, -26.5236, -12.1313, -27.015, -36.7662, -12.1313, -7.8523, -31.1779, -12.1313, -21.3436, -34.6365, -12.1313, -14.8731, -36.7662, -12.1313, 6.7505, -36.7662, -12.1313, -7.8523, -37.4853, -12.1313, -0.5509, -31.1779, -12.1313, 20.2418, -36.7662, -12.1313, 6.7505, -34.6365, -12.1313, 13.7714, -14.3817, -12.1313, 34.0261, -31.1779, -12.1313, 20.2418, -26.3535, -12.1313, 29.7317, 31.059, -12.1313, 20.2418, -14.3817, -12.1313, 34.0261, 7.2419, -12.1313, 36.1558, 21.2938, -12.1313, -28.3267, 31.059, -12.1313, 20.2418, 36.6472, -12.1313, -7.8523, -20.8522, -12.1313, -31.6693, 21.2938, -12.1313, -28.3267, -7.3609, -12.1313, -37.2576, -36.7662, -12.1313, -7.8523, -20.8522, -12.1313, -31.6693, -31.1779, -12.1313, -21.3436, -31.1779, -12.1313, 20.2418, -36.7662, -12.1313, -7.8523, -36.7662, -12.1313, 6.7505, 31.059, -12.1313, 20.2418, -31.1779, -12.1313, 20.2418, -14.3817, -12.1313, 34.0261, -20.8522, -12.1313, -31.6693, 31.059, -12.1313, 20.2418, 21.2938, -12.1313, -28.3267, -31.1779, -12.1313, 20.2418, -20.8522, -12.1313, -31.6693, -36.7662, -12.1313, -7.8523, 31.059, -12.1313, 20.2418, -20.8522, -12.1313, -31.6693, -31.1779, -12.1313, 20.2418, -24.0262, -60, -36.4899, -14.3817, -12.1313, -35.1279, -19.3048, -44.8736, -46.1113, -24.0262, -60, -36.4899, -20.8522, -12.1313, -31.6693, -14.3817, -12.1313, -35.1279, 53.644, -38.172, -11.7317, 37.3664, -12.1313, -0.5509, 43.0541, -60, -0.6347, 53.644, -38.172, -11.7317, 36.6472, -12.1313, -7.8523, 37.3664, -12.1313, -0.5509, -0.602, -38.172, 54.3672, -7.3609, -12.1313, 36.1558, -8.4814, -60, 41.6593, -0.602, -38.172, 54.3672, -0.0595, -12.1313, 36.875, -7.3609, -12.1313, 36.1558, -54.848, -38.172, -11.7317, -34.6365, -12.1313, -14.8731, -39.9087, -60, -17.1371, -54.848, -38.172, -11.7317, -36.7662, -12.1313, -7.8523, -34.6365, -12.1313, -14.8731, 24.5351, -60, -32.6385, 26.4046, -12.1313, -27.015, 34.5365, -44.8736, -35.4016, 24.5351, -60, -32.6385, 21.2938, -12.1313, -28.3267, 26.4046, -12.1313, -27.015, 30.4238, -60, 29.8576, 20.7332, -12.1313, 30.5676, 27.0498, -44.8736, 40.6122, 30.4238, -60, 29.8576, 26.4046, -12.1313, 25.9132, 20.7332, -12.1313, 30.5676, -35.9237, -60, 23.3229, -34.6365, -12.1313, 13.7714, -51.7006, -38.172, 20.2242, -35.9237, -60, 23.3229, -31.1779, -12.1313, 20.2418, -34.6365, -12.1313, 13.7714, -19.3048, -44.8736, -46.1113, -7.3609, -12.1313, -37.2576, -8.4814, -60, -42.9288, -19.3048, -44.8736, -46.1113, -14.3817, -12.1313, -35.1279, -7.3609, -12.1313, -37.2576, 43.0541, -60, -0.6347, 36.6472, -12.1313, 6.7505, 42.2255, -60, 7.7781, 43.0541, -60, -0.6347, 37.3664, -12.1313, -0.5509, 36.6472, -12.1313, 6.7505, -8.4814, -60, 41.6593, -14.3817, -12.1313, 34.0261, -16.5709, -60, 39.2054, -8.4814, -60, 41.6593, -7.3609, -12.1313, 36.1558, -14.3817, -12.1313, 34.0261, -39.9087, -60, -17.1371, -31.1779, -12.1313, -21.3436, -41.4772, -44.8736, -27.9149, -39.9087, -60, -17.1371, -34.6365, -12.1313, -14.8731, -31.1779, -12.1313, -21.3436, 34.5365, -44.8736, -35.4016, 31.059, -12.1313, -21.3436, 35.7866, -60, -24.5924, 34.5365, -44.8736, -35.4016, 26.4046, -12.1313, -27.015, 31.059, -12.1313, -21.3436, 27.0498, -44.8736, 40.6122, 14.2628, -12.1313, 34.0261, 16.4338, -60, 39.2054, 27.0498, -44.8736, 40.6122, 20.7332, -12.1313, 30.5676, 14.2628, -12.1313, 34.0261, -51.7006, -38.172, 20.2242, -36.7662, -12.1313, 6.7505, -42.3626, -60, 7.7781, -51.7006, -38.172, 20.2242, -34.6365, -12.1313, 13.7714, -36.7662, -12.1313, 6.7505, -0.0686, -60, -43.7574, 7.691, -12.1313, -33.9612, 10.8519, -38.172, -50.316, -0.0686, -60, -43.7574, -0.0595, -12.1313, -37.9767, 7.691, -12.1313, -33.9612, -8.4814, -60, -42.9288, -0.0595, -12.1313, -37.9767, -0.0686, -60, -43.7574, -8.4814, -60, -42.9288, -7.3609, -12.1313, -37.2576, -0.0595, -12.1313, -37.9767, 42.2255, -60, 7.7781, 34.5175, -12.1313, 13.7714, 50.4966, -38.172, 20.2242, 42.2255, -60, 7.7781, 36.6472, -12.1313, 6.7505, 34.5175, -12.1313, 13.7714, -16.5709, -60, 39.2054, -20.6353, -12.1313, 34.4245, -27.56, -44.8736, 45.7037, -16.5709, -60, 39.2054, -14.3817, -12.1313, 34.0261, -20.6353, -12.1313, 34.4245, -41.4772, -44.8736, -27.9149, -26.5236, -12.1313, -27.015, -30.5609, -60, -31.1271, -41.4772, -44.8736, -27.9149, -31.1779, -12.1313, -21.3436, -26.5236, -12.1313, -27.015, 35.7866, -60, -24.5924, 34.5175, -12.1313, -14.8731, 45.2463, -44.8736, -19.3734, 35.7866, -60, -24.5924, 31.059, -12.1313, -21.3436, 34.5175, -12.1313, -14.8731, 16.4338, -60, 39.2054, 7.2419, -12.1313, 36.1558, 8.3443, -60, 41.6593, 16.4338, -60, 39.2054, 14.2628, -12.1313, 34.0261, 7.2419, -12.1313, 36.1558, -42.3626, -60, 7.7781, -37.4853, -12.1313, -0.5509, -43.1912, -60, -0.6347, -42.3626, -60, 7.7781, -36.7662, -12.1313, 6.7505, -37.4853, -12.1313, -0.5509, 10.8519, -38.172, -50.316, 14.7699, -12.1313, -31.8138, 17.0181, -60, -36.6564, 10.8519, -38.172, -50.316, 7.691, -12.1313, -33.9612, 14.7699, -12.1313, -31.8138, 50.4966, -38.172, 20.2242, 31.059, -12.1313, 20.2418, 35.7866, -60, 23.3229, 50.4966, -38.172, 20.2242, 34.5175, -12.1313, 13.7714, 31.059, -12.1313, 20.2418, -27.56, -44.8736, 45.7037, -26.3535, -12.1313, 29.7317, -30.3649, -60, 34.2573, -27.56, -44.8736, 45.7037, -20.6353, -12.1313, 34.4245, -26.3535, -12.1313, 29.7317, -30.5609, -60, -31.1271, -20.8522, -12.1313, -31.6693, -24.0262, -60, -36.4899, -30.5609, -60, -31.1271, -26.5236, -12.1313, -27.015, -20.8522, -12.1313, -31.6693, 45.2463, -44.8736, -19.3734, 36.6472, -12.1313, -7.8523, 53.644, -38.172, -11.7317, 45.2463, -44.8736, -19.3734, 34.5175, -12.1313, -14.8731, 36.6472, -12.1313, -7.8523, 8.3443, -60, 41.6593, -0.0595, -12.1313, 36.875, -0.602, -38.172, 54.3672, 8.3443, -60, 41.6593, 7.2419, -12.1313, 36.1558, -0.0595, -12.1313, 36.875, -43.1912, -60, -0.6347, -36.7662, -12.1313, -7.8523, -54.848, -38.172, -11.7317, -43.1912, -60, -0.6347, -37.4853, -12.1313, -0.5509, -36.7662, -12.1313, -7.8523, 17.0181, -60, -36.6564, 21.2938, -12.1313, -28.3267, 24.5351, -60, -32.6385, 17.0181, -60, -36.6564, 14.7699, -12.1313, -31.8138, 21.2938, -12.1313, -28.3267, 35.7866, -60, 23.3229, 26.4046, -12.1313, 25.9132, 30.4238, -60, 29.8576, 35.7866, -60, 23.3229, 31.059, -12.1313, 20.2418, 26.4046, -12.1313, 25.9132)

[sub_resource type="ConvexPolygonShape3D" id="ConvexPolygonShape3D_o1afw"]
points = PackedVector3Array(6.71185, 0.103074, -16.775, 12.8247, 0.251222, -12.8626, 3.1525, -13.3501, -7.61997, -3.15726, -13.3501, -7.61997, -7.52907, -0.221505, -16.4934, -9.79763, -0.0127516, -9.79507, 18.533, 0.408798, 0.184578, 7.61576, -13.3501, -3.15781, -5.83381, -13.3501, -5.83171, -17.3947, -0.427567, -6.22533, -13.8529, -0.0127516, -0.00205421, 13.3452, 0.315868, 13.4523, 8.24181, -13.3501, -0.00205421, -8.24657, -13.3501, -0.00205421, -17.1133, -0.39255, 8.01966, -9.79763, -0.0127516, 9.79096, -6.84674, -0.136657, 17.8907, 3.1525, -13.3501, 7.61587, 5.82905, -13.3501, 5.82761, -3.15726, -13.3501, 7.61587)

[node name="Start" type="Node3D"]

[node name="WorldEnvironment" type="WorldEnvironment" parent="."]
environment = SubResource("Environment_c6rgq")

[node name="DirectionalLight3D" type="DirectionalLight3D" parent="."]
transform = Transform3D(1, 0, 0, 0, -0.432794, 0.901493, 0, -0.901493, -0.432794, 0, 12, 0)

[node name="Player" parent="." instance=ExtResource("1_awy2c")]
transform = Transform3D(-0.760791, 0, 0.648997, 0, 1, 0, -0.648997, 0, -0.760791, 41.8099, 1.55391, -66.8641)

[node name="StartXR" parent="." instance=ExtResource("4_1x1gt")]

[node name="World" type="Node3D" parent="."]

[node name="Island1" type="Node3D" parent="World"]

[node name="Island" type="StaticBody3D" parent="World/Island1"]

[node name="MeshInstance3D" type="MeshInstance3D" parent="World/Island1/Island"]
mesh = ExtResource("5_7s0hd")
skeleton = NodePath("../../../..")

[node name="CollisionShape3D" type="CollisionShape3D" parent="World/Island1/Island"]
shape = SubResource("ConcavePolygonShape3D_20xbg")

[node name="Area1" parent="World/Island1" instance=ExtResource("6_vfk2r")]
transform = Transform3D(0.498397, 0, 0.866949, 0, 1, 0, -0.866949, 0, 0.498397, 54.2137, 0, 26.0569)

[node name="Area2" parent="World/Island1" instance=ExtResource("7_wgswf")]
transform = Transform3D(0.421479, 0, 0.906838, 0, 1, 0, -0.906838, 0, 0.421479, 33.1773, 0.128771, 65.9635)

[node name="Area3" parent="World/Island1" instance=ExtResource("7_wgswf")]
transform = Transform3D(-0.520027, 0, 0.854151, 0, 1, 0, -0.854151, 0, -0.520027, -44.4916, 0.0569804, 58.5135)

[node name="Area4" parent="World/Island1" instance=ExtResource("6_vfk2r")]
transform = Transform3D(0.820012, 0, -0.572346, 0, 1, 0, 0.572346, 0, 0.820012, 54.0037, 0, -39.2033)

[node name="Area5" parent="World/Island1" instance=ExtResource("6_vfk2r")]
transform = Transform3D(-0.707317, 0, 0.706897, 0, 1, 0, -0.706897, 0, -0.707317, 2.86569, -3.8147e-06, -60.2409)

[node name="Area6" parent="World/Island1" instance=ExtResource("6_vfk2r")]
transform = Transform3D(-0.460603, 0, -0.887607, 0, 1, 0, 0.887607, 0, -0.460603, -45.3839, -3.8147e-06, -46.0805)

[node name="Area7" parent="World/Island1" instance=ExtResource("6_vfk2r")]
transform = Transform3D(-0.460603, 0, -0.887607, 0, 1, 0, 0.887607, 0, -0.460603, -54.7349, -3.8147e-06, 12.6765)

[node name="Area8" parent="World/Island1" instance=ExtResource("6_vfk2r")]
transform = Transform3D(-0.460603, 0, -0.887607, 0, 1, 0, 0.887607, 0, -0.460603, -3.336, 0, -11.627)

[node name="Area9" parent="World/Island1" instance=ExtResource("6_vfk2r")]
transform = Transform3D(-0.460603, 0, -0.887607, 0, 1, 0, 0.887607, 0, -0.460603, 13.2028, 3.8147e-06, 45.1281)

[node name="Area10" type="Node3D" parent="World/Island1"]
transform = Transform3D(0.498397, 0, 0.866949, 0, 1, 0, -0.866949, 0, 0.498397, 2.94097, 0, -2.49849)

[node name="Tree3" parent="World/Island1/Area10" instance=ExtResource("8_1wa8a")]
transform = Transform3D(0.558136, 0, 0.829749, 0, 1, 0, -0.829749, 0, 0.558136, 45.3624, 0, 79.6332)

[node name="Tree8" parent="World/Island1/Area10" instance=ExtResource("8_1wa8a")]
transform = Transform3D(0.516518, 0, -0.856276, 0, 1, 0, 0.856276, 0, 0.516518, -74.6874, 0, 52.875)

[node name="Tree4" parent="World/Island1/Area10" instance=ExtResource("8_1wa8a")]
transform = Transform3D(0.84583, 0, -0.533452, 0, 1, 0, 0.533452, 0, 0.84583, 63.1677, 0, 64.5442)

[node name="Tree5" parent="World/Island1/Area10" instance=ExtResource("9_s5tjf")]
transform = Transform3D(1, 0, 0, 0, 1, 0, 0, 0, 1, 35.3951, 1.90735e-06, 87.0489)

[node name="Tree9" parent="World/Island1/Area10" instance=ExtResource("9_s5tjf")]
transform = Transform3D(0.281571, 0, -0.95954, 0, 1, 0, 0.95954, 0, 0.281571, -63.4838, 3.8147e-06, 59.1144)

[node name="Tree11" parent="World/Island1/Area10" instance=ExtResource("9_s5tjf")]
transform = Transform3D(-0.634124, 0, -0.773232, 0, 1, 0, 0.773232, 0, -0.634124, 89.351, 3.8147e-06, -4.91806)

[node name="Tree12" parent="World/Island1/Area10" instance=ExtResource("9_s5tjf")]
transform = Transform3D(-0.998682, 0, 0.0513423, 0, 1, 0, -0.0513423, 0, -0.998682, 91.3293, 0.154175, 10.3397)

[node name="Tree10" parent="World/Island1/Area10" instance=ExtResource("9_s5tjf")]
transform = Transform3D(0.0325447, 0, -0.99947, 0, 1, 0, 0.99947, 0, 0.0325447, -71.4317, 3.8147e-06, 61.9601)

[node name="Tree6" parent="World/Island1/Area10" instance=ExtResource("9_s5tjf")]
transform = Transform3D(0.121419, 0, 0.992601, 0, 1, 0, -0.992601, 0, 0.121419, 52.3001, 1.90735e-06, 67.5008)

[node name="Tree7" parent="World/Island1/Area10" instance=ExtResource("9_s5tjf")]
transform = Transform3D(-0.795748, 0, 0.605627, 0, 1, 0, -0.605627, 0, -0.795748, 75.4189, 1.90735e-06, 61.1174)

[node name="Bench1" parent="World/Island1/Area10" instance=ExtResource("10_kgbd1")]
transform = Transform3D(0.953048, 0, -0.302819, 0, 1, 0, 0.302819, 0, 0.953048, 37.1389, 3.8147e-06, 75.2653)

[node name="Bench2" parent="World/Island1/Area10" instance=ExtResource("10_kgbd1")]
transform = Transform3D(0.466742, 0, -0.884394, 0, 1, 0, 0.884394, 0, 0.466742, 28.5842, 3.8147e-06, 84.7305)

[node name="Area11" type="Node3D" parent="World/Island1"]
transform = Transform3D(0.498397, 0, 0.866949, 0, 1, 0, -0.866949, 0, 0.498397, 2.94097, 0, -2.49849)

[node name="Tree1" parent="World/Island1/Area11" instance=ExtResource("8_1wa8a")]
transform = Transform3D(-0.581257, 0, 0.81372, 0, 1, 0, -0.81372, 0, -0.581257, 1.09889, 0, 30.0865)

[node name="Tree2" parent="World/Island1/Area11" instance=ExtResource("8_1wa8a")]
transform = Transform3D(0.523703, 0, 0.8519, 0, 1, 0, -0.8519, 0, 0.523703, -3.49401, 0, 17.4312)

[node name="Tree3" parent="World/Island1/Area11" instance=ExtResource("8_1wa8a")]
transform = Transform3D(0.975161, 0, 0.221497, 0, 1, 0, -0.221497, 0, 0.975161, 16.1806, -3.8147e-06, 18.2051)

[node name="Tree4" parent="World/Island1/Area11" instance=ExtResource("8_1wa8a")]
transform = Transform3D(-0.998095, 0, -0.0616931, 0, 1, 0, 0.0616931, 0, -0.998095, 30.6429, -3.8147e-06, 2.8485)

[node name="Bench1" parent="World/Island1/Area11" instance=ExtResource("10_kgbd1")]
transform = Transform3D(0.379262, 0, -0.925289, 0, 1, 0, 0.925289, 0, 0.379262, 8.38634, 2.72848e-12, 30.3311)

[node name="Bench2" parent="World/Island1/Area11" instance=ExtResource("10_kgbd1")]
transform = Transform3D(0.466742, 0, -0.884394, 0, 1, 0, 0.884394, 0, 0.466742, 14.0409, 7.6294e-06, 27.8894)

[node name="Bench3" parent="World/Island1/Area11" instance=ExtResource("10_kgbd1")]
transform = Transform3D(-0.276074, 0, 0.961137, 0, 1, 0, -0.961137, 0, -0.276074, 3.96614, 2.72848e-12, 19.5324)

[node name="Bench4" parent="World/Island1/Area11" instance=ExtResource("10_kgbd1")]
transform = Transform3D(-0.367492, 0, 0.930027, 0, 1, 0, -0.930027, 0, -0.367492, 8.75974, 7.6294e-06, 17.9361)

[node name="Race1" type="Node3D" parent="World/Island1" groups=["games"]]
transform = Transform3D(1, 0, 0, 0, 1, 0, 0, 0, 1, 33.8317, 0, -57.8688)
script = ExtResource("11_3mknh")
game_name = "Sweepington guided tour"

[node name="Applause" type="AudioStreamPlayer3D" parent="World/Island1/Race1"]
transform = Transform3D(-0.823266, 0, 0.567656, 0, 1, 0, -0.567656, 0, -0.823266, 17.8835, 2.33773, -11.9842)
stream = ExtResource("10_afnj7")
bus = &"SFX"

[node name="Checkpoints" type="Node3D" parent="World/Island1/Race1"]

[node name="Gate1" parent="World/Island1/Race1/Checkpoints" instance=ExtResource("12_0k2lk")]
transform = Transform3D(-0.58049, 0, -0.814267, 0, 1, 0, 0.814267, 0, -0.58049, 0.0110092, 2.33773, 0.122005)

[node name="Gate2" parent="World/Island1/Race1/Checkpoints" instance=ExtResource("12_0k2lk")]
transform = Transform3D(-0.946784, 0, -0.321869, 0, 1, 0, 0.321869, 0, -0.946784, -18.1532, 2.33773, 18.0156)

[node name="Gate3" parent="World/Island1/Race1/Checkpoints" instance=ExtResource("12_0k2lk")]
transform = Transform3D(-0.934943, 0, 0.354797, 0, 1, 0, -0.354797, 0, -0.934943, -41.9183, 2.33773, 13.9723)

[node name="Gate4" parent="World/Island1/Race1/Checkpoints" instance=ExtResource("12_0k2lk")]
transform = Transform3D(-0.644951, 0, 0.764224, 0, 1, 0, -0.764224, 0, -0.644951, -61.3826, 2.33772, -5.8409)

[node name="Gate5" parent="World/Island1/Race1/Checkpoints" instance=ExtResource("12_0k2lk")]
transform = Transform3D(-0.957072, 0, -0.289851, 0, 1, 0, 0.289851, 0, -0.957072, -90.9975, 2.33772, -17.0908)

[node name="Gate6" parent="World/Island1/Race1/Checkpoints" instance=ExtResource("12_0k2lk")]
transform = Transform3D(-0.286641, 0, -0.958038, 0, 1, 0, 0.958038, 0, -0.286641, -112.128, 2.33772, -0.693996)

[node name="Gate7" parent="World/Island1/Race1/Checkpoints" instance=ExtResource("12_0k2lk")]
transform = Transform3D(-0.116098, 0, -0.993238, 0, 1, 0, 0.993238, 0, -0.116098, -119.254, 2.33772, 27.7293)

[node name="Gate8" parent="World/Island1/Race1/Checkpoints" instance=ExtResource("12_0k2lk")]
transform = Transform3D(0.134194, 0, -0.990955, 0, 1, 0, 0.990955, 0, 0.134194, -126.118, 2.33772, 67.5641)

[node name="Gate9" parent="World/Island1/Race1/Checkpoints" instance=ExtResource("12_0k2lk")]
transform = Transform3D(0.939883, 0, -0.341495, 0, 1, 0, 0.341495, 0, 0.939883, -112.883, 2.33773, 96.4242)

[node name="Gate10" parent="World/Island1/Race1/Checkpoints" instance=ExtResource("12_0k2lk")]
transform = Transform3D(0.75712, 0, 0.653275, 0, 1, 0, -0.653275, 0, 0.75712, -87.0852, 2.33773, 101.191)

[node name="Gate11" parent="World/Island1/Race1/Checkpoints" instance=ExtResource("12_0k2lk")]
transform = Transform3D(0.999997, 0, 0.00225183, 0, 1, 0, -0.00225183, 0, 0.999997, -64.4215, 2.33773, 81.7089)

[node name="Gate12" parent="World/Island1/Race1/Checkpoints" instance=ExtResource("12_0k2lk")]
transform = Transform3D(0.948534, 0, -0.316675, 0, 1, 0, 0.316675, 0, 0.948534, -32.0752, 2.33773, 75.1884)

[node name="Gate13" parent="World/Island1/Race1/Checkpoints" instance=ExtResource("12_0k2lk")]
transform = Transform3D(-0.164789, 0, -0.986329, 0, 1, 0, 0.986329, 0, -0.164789, -0.24559, 2.33773, 95.5937)

[node name="Gate14" parent="World/Island1/Race1/Checkpoints" instance=ExtResource("12_0k2lk")]
transform = Transform3D(-0.164789, 0, -0.986329, 0, 1, 0, 0.986329, 0, -0.164789, -4.90129, 2.33773, 123.46)

[node name="Gate15" parent="World/Island1/Race1/Checkpoints" instance=ExtResource("12_0k2lk")]
transform = Transform3D(0.99729, 0, -0.0735686, 0, 1, 0, 0.0735686, 0, 0.99729, 2.59001, 2.33773, 144.374)

[node name="Gate16" parent="World/Island1/Race1/Checkpoints" instance=ExtResource("12_0k2lk")]
transform = Transform3D(0.515023, 0, 0.857176, 0, 1, 0, -0.857176, 0, 0.515023, 28.2041, 2.33773, 129.845)

[node name="Gate17" parent="World/Island1/Race1/Checkpoints" instance=ExtResource("12_0k2lk")]
transform = Transform3D(-0.232172, 0, 0.972674, 0, 1, 0, -0.972674, 0, -0.232172, 55.0924, 2.33773, 85.0936)

[node name="Gate18" parent="World/Island1/Race1/Checkpoints" instance=ExtResource("12_0k2lk")]
transform = Transform3D(0.0855557, 0, 0.996333, 0, 1, 0, -0.996333, 0, 0.0855557, 49.3378, 2.33773, 32.5053)

[node name="Gate19" parent="World/Island1/Race1/Checkpoints" instance=ExtResource("12_0k2lk")]
transform = Transform3D(-0.777629, 0, 0.628723, 0, 1, 0, -0.628723, 0, -0.777629, 44.036, 2.33773, 11.208)

[node name="Gate20" parent="World/Island1/Race1/Checkpoints" instance=ExtResource("12_0k2lk")]
transform = Transform3D(-0.823265, 0, 0.567656, 0, 1, 0, -0.567656, 0, -0.823265, 23.9092, 2.33773, -7.82939)

[node name="Race2" type="Node3D" parent="World/Island1" groups=["games"]]
transform = Transform3D(1, 0, 0, 0, 1, 0, 0, 0, 1, 26.6835, 2.33773, -81.7557)
script = ExtResource("11_3mknh")
game_name = "Garden Dash"

[node name="Applause" type="AudioStreamPlayer3D" parent="World/Island1/Race2"]
transform = Transform3D(0.978329, 0, 0.207058, 0, 1, 0, -0.207058, 0, 0.978329, -6.74582, -2.05501, 179.392)
stream = ExtResource("10_afnj7")
bus = &"SFX"

[node name="Checkpoints" type="Node3D" parent="World/Island1/Race2"]
transform = Transform3D(-0.607099, 0, -0.794626, 0, 1, 0, 0.794626, 0, -0.607099, 0, 0, 0)

[node name="Gate1" parent="World/Island1/Race2/Checkpoints" instance=ExtResource("12_0k2lk")]
transform = Transform3D(0.999231, 0, 0.0392075, 0, 1, 0, -0.0392075, 0, 0.999231, 4.63953, 0, -0.616401)

[node name="Gate2" parent="World/Island1/Race2/Checkpoints" instance=ExtResource("12_0k2lk")]
transform = Transform3D(0.736782, 0, -0.67613, 0, 1, 0, 0.67613, 0, 0.736782, 29.2805, 0, 2.70497)

[node name="Gate3" parent="World/Island1/Race2/Checkpoints" instance=ExtResource("12_0k2lk")]
transform = Transform3D(0.960566, 0, -0.278052, 0, 1, 0, 0.278052, 0, 0.960566, 58.5535, 0, 48.3715)

[node name="Gate4" parent="World/Island1/Race2/Checkpoints" instance=ExtResource("12_0k2lk")]
transform = Transform3D(0.86592, 0, 0.500181, 0, 1, 0, -0.500181, 0, 0.86592, 87.5653, 0, 43.1584)

[node name="Gate5" parent="World/Island1/Race2/Checkpoints" instance=ExtResource("12_0k2lk")]
transform = Transform3D(0.724641, 0, 0.689126, 0, 1, 0, -0.689126, 0, 0.724641, 113.811, 0, 21.7739)

[node name="Gate6" parent="World/Island1/Race2/Checkpoints" instance=ExtResource("12_0k2lk")]
transform = Transform3D(-0.0401149, 0, 0.999195, 0, 1, 0, -0.999195, 0, -0.0401149, 140.914, 0, -21.554)

[node name="Gate7" parent="World/Island1/Race2/Checkpoints" instance=ExtResource("12_0k2lk")]
transform = Transform3D(-0.998609, 0, 0.0527365, 0, 1, 0, -0.0527365, 0, -0.998609, 121.175, 0, -55.1826)

[node name="Gate8" parent="World/Island1/Race2/Checkpoints" instance=ExtResource("12_0k2lk")]
transform = Transform3D(-0.130232, 0, -0.991483, 0, 1, 0, 0.991483, 0, -0.130232, 89.2763, 1.00136e-05, -32.9526)

[node name="Gate9" parent="World/Island1/Race2/Checkpoints" instance=ExtResource("12_0k2lk")]
transform = Transform3D(-0.999142, 0, 0.0414219, 0, 1, 0, -0.0414219, 0, -0.999142, 75.8324, 0.91757, -5.76081)

[node name="Gate10" parent="World/Island1/Race2/Checkpoints" instance=ExtResource("12_0k2lk")]
transform = Transform3D(-0.818561, 0, 0.57442, 0, 1, 0, -0.57442, 0, -0.818561, 52.5234, 0.91757, -9.63265)

[node name="Gate11" parent="World/Island1/Race2/Checkpoints" instance=ExtResource("12_0k2lk")]
transform = Transform3D(-0.195262, 0, 0.980752, 0, 1, 0, -0.980752, 0, -0.195262, 31.3933, 0.91757, -44.3237)

[node name="Gate12" parent="World/Island1/Race2/Checkpoints" instance=ExtResource("12_0k2lk")]
transform = Transform3D(0.654332, 0, 0.756208, 0, 1, 0, -0.756208, 0, 0.654332, 50.776, 0.91757, -75.5734)

[node name="Gate13" parent="World/Island1/Race2/Checkpoints" instance=ExtResource("12_0k2lk")]
transform = Transform3D(0.743145, 0, 0.669131, 0, 1, 0, -0.669131, 0, 0.743145, 100.665, 0.91757, -102.165)

[node name="Gate14" parent="World/Island1/Race2/Checkpoints" instance=ExtResource("12_0k2lk")]
transform = Transform3D(0.994369, 0, -0.105969, 0, 1, 0, 0.105969, 0, 0.994369, 139.607, -0.219311, -105.172)

[node name="Race3" type="Node3D" parent="World/Island1" groups=["games"]]
transform = Transform3D(1, 0, 0, 0, 1, 0, 0, 0, 1, 18.5239, 2.33773, -101.696)
script = ExtResource("11_3mknh")
game_name = "Cupid Circuit"

[node name="Applause" type="AudioStreamPlayer3D" parent="World/Island1/Race3"]
transform = Transform3D(-0.972047, 0, 0.234785, 0, 1, 0, -0.234785, 0, -0.972047, 60.2783, -2.05394, 47.8293)
stream = ExtResource("10_afnj7")
bus = &"SFX"

[node name="Checkpoints" type="Node3D" parent="World/Island1/Race3"]
transform = Transform3D(-0.563944, 0, 0.825812, 0, 1, 0, -0.825812, 0, -0.563944, 0, 0, 0)

[node name="Gate1" parent="World/Island1/Race3/Checkpoints" instance=ExtResource("12_0k2lk")]

[node name="Gate2" parent="World/Island1/Race3/Checkpoints" instance=ExtResource("12_0k2lk")]
transform = Transform3D(0.900949, 0, 0.433927, 0, 1, 0, -0.433927, 0, 0.900949, 36.9242, 9.29277, -7.02632)

[node name="Gate3" parent="World/Island1/Race3/Checkpoints" instance=ExtResource("12_0k2lk")]
transform = Transform3D(0.335698, 0, 0.94197, 0, 1, 0, -0.94197, 0, 0.335698, 58.2606, 18.901, -39.3041)

[node name="Gate4" parent="World/Island1/Race3/Checkpoints" instance=ExtResource("12_0k2lk")]
transform = Transform3D(-0.0187961, 0, 0.999825, 0, 1, 0, -0.999825, 0, -0.0187961, 68.9346, 34.6065, -75.9508)

[node name="Gate5" parent="World/Island1/Race3/Checkpoints" instance=ExtResource("12_0k2lk")]
transform = Transform3D(-0.514485, 0, 0.8575, 0, 1, 0, -0.8575, 0, -0.514485, 59.6788, 55.4117, -137.402)

[node name="Gate6" parent="World/Island1/Race3/Checkpoints" instance=ExtResource("12_0k2lk")]
transform = Transform3D(-0.820542, 0, 0.571588, 0, 1, 0, -0.571588, 0, -0.820542, 21.8267, 79.3659, -182.537)

[node name="Gate7" parent="World/Island1/Race3/Checkpoints" instance=ExtResource("12_0k2lk")]
transform = Transform3D(-0.914791, 0, -0.403929, 0, 1, 0, 0.403929, 0, -0.914791, -33.7731, 110.649, -187.714)

[node name="Gate8" parent="World/Island1/Race3/Checkpoints" instance=ExtResource("12_0k2lk")]
transform = Transform3D(-0.914791, 0, -0.403929, 0, 1, 0, 0.403929, 0, -0.914791, -69.0212, 110.649, -172.608)

[node name="Gate28" parent="World/Island1/Race3/Checkpoints" instance=ExtResource("12_0k2lk")]
transform = Transform3D(-0.914791, 0, -0.403929, 0, 1, 0, 0.403929, 0, -0.914791, -112.105, 110.649, -154.801)

[node name="Gate9" parent="World/Island1/Race3/Checkpoints" instance=ExtResource("12_0k2lk")]
transform = Transform3D(-0.432228, 0, -0.901765, 0, 1, 0, 0.901765, 0, -0.432228, -149.264, 110.649, -124.305)

[node name="Gate29" parent="World/Island1/Race3/Checkpoints" instance=ExtResource("12_0k2lk")]
transform = Transform3D(-0.0312536, 0, -0.999512, 0, 1, 0, 0.999512, 0, -0.0312536, -160.76, 110.649, -86.6139)

[node name="Gate10" parent="World/Island1/Race3/Checkpoints" instance=ExtResource("12_0k2lk")]
transform = Transform3D(0.868035, 0, -0.496505, 0, 1, 0, 0.496505, 0, 0.868035, -143.137, 110.649, -53.1728)

[node name="Gate30" parent="World/Island1/Race3/Checkpoints" instance=ExtResource("12_0k2lk")]
transform = Transform3D(0.996514, 0, 0.0834343, 0, 1, 0, -0.0834343, 0, 0.996514, -111.275, 110.649, -42.4718)

[node name="Gate11" parent="World/Island1/Race3/Checkpoints" instance=ExtResource("12_0k2lk")]
transform = Transform3D(0.740137, 0, 0.672459, 0, 1, 0, -0.672459, 0, 0.740137, -79.0661, 110.649, -54.4069)

[node name="Gate12" parent="World/Island1/Race3/Checkpoints" instance=ExtResource("12_0k2lk")]
transform = Transform3D(0.717981, 0, 0.696064, 0, 1, 0, -0.696064, 0, 0.717981, -50.8556, 110.649, -66.0807)

[node name="Gate13" parent="World/Island1/Race3/Checkpoints" instance=ExtResource("12_0k2lk")]
transform = Transform3D(-0.68554, 0, 0.728036, 0, 1, 0, -0.728036, 0, -0.68554, -43.9615, 110.649, -90.0206)

[node name="Gate27" parent="World/Island1/Race3/Checkpoints" instance=ExtResource("12_0k2lk")]
transform = Transform3D(-0.987563, 0, 0.157228, 0, 1, 0, -0.157228, 0, -0.987563, -63.2786, 110.649, -101.033)

[node name="Gate14" parent="World/Island1/Race3/Checkpoints" instance=ExtResource("12_0k2lk")]
transform = Transform3D(-0.110585, 0, -0.993868, 0, 1, 0, 0.993868, 0, -0.110585, -83.2261, 110.649, -80.2094)

[node name="Gate15" parent="World/Island1/Race3/Checkpoints" instance=ExtResource("12_0k2lk")]
transform = Transform3D(0.657771, 0, -0.75322, 0, 1, 0, 0.75322, 0, 0.657771, -66.6378, 110.649, -29.7967)

[node name="Gate16" parent="World/Island1/Race3/Checkpoints" instance=ExtResource("12_0k2lk")]
transform = Transform3D(0.992581, 0, -0.121592, 0, 1, 0, 0.121592, 0, 0.992581, -35.4242, 110.649, -14.8531)

[node name="Gate17" parent="World/Island1/Race3/Checkpoints" instance=ExtResource("12_0k2lk")]
transform = Transform3D(0.805546, 0, 0.592534, 0, 1, 0, -0.592534, 0, 0.805546, -6.46151, 110.649, -21.2932)

[node name="Gate18" parent="World/Island1/Race3/Checkpoints" instance=ExtResource("12_0k2lk")]
transform = Transform3D(0.217394, 0, 0.976085, 0, 1, 0, -0.976085, 0, 0.217394, 14.3778, 110.649, -52.1505)

[node name="Gate32" parent="World/Island1/Race3/Checkpoints" instance=ExtResource("12_0k2lk")]
transform = Transform3D(-0.172222, 0, 0.985059, 0, 1, 0, -0.985059, 0, -0.172222, 17.432, 110.649, -87.3602)

[node name="Gate19" parent="World/Island1/Race3/Checkpoints" instance=ExtResource("12_0k2lk")]
transform = Transform3D(-0.465152, 0, 0.885232, 0, 1, 0, -0.885232, 0, -0.465152, 1.2948, 110.649, -125.101)

[node name="Gate33" parent="World/Island1/Race3/Checkpoints" instance=ExtResource("12_0k2lk")]
transform = Transform3D(-0.465152, 0, 0.885232, 0, 1, 0, -0.885232, 0, -0.465152, -18.842, 110.649, -159.676)

[node name="Gate20" parent="World/Island1/Race3/Checkpoints" instance=ExtResource("12_0k2lk")]
transform = Transform3D(-0.990651, 0, 0.136424, 0, 1, 0, -0.136424, 0, -0.990651, -39.0804, 110.649, -189.762)

[node name="Gate21" parent="World/Island1/Race3/Checkpoints" instance=ExtResource("12_0k2lk")]
transform = Transform3D(-0.918116, 0, -0.396316, 0, 1, 0, 0.396316, 0, -0.918116, -101.151, 89.3737, -181.601)

[node name="Gate22" parent="World/Island1/Race3/Checkpoints" instance=ExtResource("12_0k2lk")]
transform = Transform3D(-0.579609, 0, -0.814896, 0, 1, 0, 0.814896, 0, -0.579609, -181.693, 64.2217, -146.834)

[node name="Gate23" parent="World/Island1/Race3/Checkpoints" instance=ExtResource("12_0k2lk")]
transform = Transform3D(0.227859, 0, -0.973696, 0, 1, 0, 0.973696, 0, 0.227859, -204.54, 36.0062, -65.3437)

[node name="Gate24" parent="World/Island1/Race3/Checkpoints" instance=ExtResource("12_0k2lk")]
transform = Transform3D(0.803234, 0, -0.595665, 0, 1, 0, 0.595665, 0, 0.803234, -158.425, 9.95197, 14.2228)

[node name="Gate25" parent="World/Island1/Race3/Checkpoints" instance=ExtResource("12_0k2lk")]
transform = Transform3D(0.995885, 0, 0.0906328, 0, 1, 0, -0.0906328, 0, 0.995885, -119.62, 4.07829, 33.0473)

[node name="Gate26" parent="World/Island1/Race3/Checkpoints" instance=ExtResource("12_0k2lk")]
transform = Transform3D(0.864784, 0, 0.502146, 0, 1, 0, -0.502146, 0, 0.864784, -79.5965, 0.26803, 26.9219)

[node name="Race4" type="Node3D" parent="World/Island1" groups=["games"]]
transform = Transform3D(0.39686, 0, 0.917879, 0, 1, 0, -0.917879, 0, 0.39686, 56.3071, 0, -84.2743)
script = ExtResource("11_3mknh")
game_name = "Airborne Excursion"

